501796
502074
502083
502126
502151
502152
502198
502219
502222
502234
502246
502255
502257
502268
502270
502279
502324
502350
502418
502433
502434
502436
502450
502461
502464
502492
502572
502577
502597
502626
502635
502658
502665
502666
502667
502671
502672
502674
502675
502685
502827
502832
502834
502863
502867
502920
502921
502922
502935
502951
503142
503281
503346
503352
503353
503363
503393
503423
503515
503653
503655
503661
503698
503699
503700
503728
503815
503832
503945
503946
503957
503975
503977
503979
503988
504011
504013
504083
504101
504107
504128
504141
504222
504254
504258
504286
504289
504319
504325
504326
504327
504367
504393
504407
504459
504473
504577
504596
504655
504658
504714
504854
505151
505213
505341
505352
505381
505489
505532
505534
505535
505538
505539
505660
505661
505692
505711
505739
505837
505838
505895
505906
505950
505953
505966
505967
505968
506238
506414
506582
506593
506598
507018
507019
507020
507147
510067
523548
523549
527414
590120
590176
590258
590259
590404
502278
590662
590375
590301
590188
502201
502602
590300
590132
590403
502555
590531
590218
502545
590407
590385
590408
VW4080
590133
590096
590257
590457
590630
590626
504999
506596
513699
590592
590279
502589
590256
590586
590677
503622
502650
590420
590411
590415
504404
590455
590131
502502
590142
590406
590358
502544
502129
AC001
590514
502575
502486
590454
590538
590419
590427
590625
590589
590590
502235
590511
590250
590280
502488
590134
590412
502489
6494
6494
525398
502452
504846
502451
590342
590437
502567
590264
502587
590631
590434
KLT4174
503093
590543
BO0334
590158
590421
590465
590124
502500
510459
590409
590439
590577
590296
590143
502499
590090
590091
590125
502512
590428
502265
590383
504287
590095
510060
590098
590295
590623
590544
590660
590539
590598
510066
590587
502322
590156
590600
506743
513734
502220
590478
PO8478
503654
590130
590101
590410
590179
590297
590438
502579
VW6147
502233
511960
590624
590516
590620
590464
502458
590288
502588
590223
590172
502455
502456
502580
504069
590181
590178
503954
590020
504290
502484
664280
506610
590128
590097
505395
590517
590173
590099
511763
VW006180
522900
502459
502518
502934
590021
503396
502241
590352
503660
504586
590572
590569
502163
502534
590263
502496
502549
502562
502930
VW3147
VW4147
VW4280
VW6280
502645
590089
502767
B003147
B006280
B004280
B004147
B006147
B006426
590303
502644
502211
502679
502624
A590262
590509
507300
502768
B006425
1210
6180
6180
15115
15115
15155
64144
64144
111902
111960
112976
114002
114845
500312
500510
500511
500512
500640
501474
501485
501486
501539
501540
501541
502016
502055
502063
502064
502065
502066
502067
502068
502069
502070
502071
502072
502073
502075
502076
502077
502078
502079
502080
502081
502082
502084
502085
502086
502087
502088
502089
502090
502091
502092
502093
502094
502095
502096
502097
502098
502099
502100
502101
502102
502103
502104
502105
502106
502107
502108
502109
502110
502111
502112
502113
502114
502115
502116
502117
502118
502119
502120
502121
502122
502123
502124
502125
502127
502128
502130
502131
502132
502133
502134
502135
502136
502137
502138
502139
502140
502141
502142
502143
502144
502145
502146
502147
502148
502149
502150
502153
502154
502155
502156
502157
502158
502159
502160
502161
502162
502164
502165
502166
502167
502168
502169
502170
502171
502172
502173
502174
502175
502176
502177
502178
502179
502180
502181
502182
502183
502184
502185
502186
502187
502188
502189
502190
502191
502192
502193
502194
502195
502196
502197
502199
502200
502202
502203
502204
502205
502206
502207
502208
502209
502210
502212
502213
502214
502215
502216
502217
502218
502221
502223
502224
502225
502226
502227
502229
502230
502236
502237
502238
502239
502240
502242
502243
502244
502245
502247
502248
502249
502250
502251
502252
502254
502256
502258
502259
502260
502261
502262
502263
502264
502266
502267
502269
502271
502272
502273
502274
502277
502280
502281
502282
502284
502286
502287
502288
502289
502290
502291
502293
502294
502295
502296
502297
502298
502299
502301
502302
502303
502304
502306
502307
502308
502310
502312
502313
502314
502315
502316
502317
502318
502319
502320
502321
502326
502327
502328
502329
502330
502332
502333
502334
502337
502341
502345
502348
502349
502351
502352
502355
502363
502368
502373
502377
502378
502380
502382
502383
502385
502386
502387
502390
502391
502392
502393
502394
502395
502396
502398
502399
502400
502401
502402
502403
502404
502407
502408
502409
502410
502412
502413
502414
502415
502416
502417
502420
502421
502422
502423
502425
502426
502427
502428
502429
502430
502431
502432
502435
502437
502439
502440
502442
502443
502444
502445
502446
502447
502448
502449
502453
502454
502457
502460
502462
502463
502466
502467
502468
502469
502470
502471
502472
502473
502474
502475
502476
502477
502480
502481
502482
502483
502485
502487
502490
502491
502494
502495
502497
502498
502501
502503
502504
502505
502506
502507
502510
502511
502513
502514
502515
502517
502519
502520
502521
502522
502523
502524
502525
502526
502527
502528
502529
502530
502531
502532
502533
502535
502536
502537
502538
502539
502540
502541
502542
502546
502547
502548
502550
502551
502552
502553
502554
502556
502557
502558
502559
502560
502561
502563
502564
502565
502569
502570
502571
502573
502574
502576
502578
502581
502582
502583
502584
502585
502586
502592
502593
502594
502595
502596
502598
502599
502603
502604
502606
502607
502608
502610
502611
502612
502613
502614
502615
502617
502618
502620
502621
502622
502623
502625
502627
502628
502630
502632
502633
502634
502636
502637
502640
502641
502642
502643
502646
502647
502648
502649
502651
502652
502654
502655
502656
502657
502659
502660
502661
502662
502663
502668
502670
502673
502676
502677
502678
502680
502681
502682
502683
502688
502769
502828
502829
502830
502831
502833
502835
502836
502837
502838
502839
502840
502841
502842
502843
502844
502845
502846
502847
502848
502849
502851
502853
502854
502855
502856
502857
502858
502859
502860
502861
502862
502864
502865
502866
502874
502877
502886
502887
502888
502889
502890
502891
502918
502919
502926
502932
502936
502950
502960
502961
502963
502980
503044
503091
503092
503094
503095
503099
503122
503123
503124
503125
503126
503129
503132
503134
503135
503137
503138
503139
503141
503199
503200
503282
503283
503284
503295
503296
503297
503298
503299
503300
503302
503338
503339
503340
503341
503344
503345
503347
503351
503354
503355
503357
503358
503364
503369
503370
503371
503372
503373
503388
503389
503390
503391
503392
503394
503397
503398
503399
503401
503403
503421
503425
503428
503429
503430
503431
503432
503433
503434
503435
503436
503437
503438
503439
503440
503513
503514
503516
503517
503518
503526
503580
503600
503605
503606
503607
503633
503657
503666
503682
503688
503689
503690
503691
503692
503693
503701
503702
503709
503710
503713
503722
503723
503735
503736
503741
503742
503743
503750
503775
503776
503777
503778
503779
503786
503787
503788
503791
503794
503795
503798
503799
503800
503801
503802
503803
503820
503823
503824
503825
503828
503829
503830
503839
503845
503846
503848
503849
503870
503884
503885
503886
503903
503943
503944
503958
503967
503978
503980
503989
503990
504010
504012
504014
504015
504016
504029
504030
504031
504032
504038
504039
504040
504041
504048
504055
504056
504064
504065
504066
504067
504068
504081
504088
504090
504095
504099
504100
504108
504109
504129
504130
504131
504132
504136
504137
504138
504142
504143
504144
504149
504150
504151
504157
504158
504166
504167
504168
504169
504173
504180
504194
504195
504196
504197
504200
504201
504210
504217
504219
504221
504230
504231
504244
504255
504259
504260
504272
504273
504275
504284
504285
504288
504297
504299
504309
504310
504311
504312
504316
504317
504320
504323
504324
504328
504358
504359
504360
504361
504364
504368
504369
504379
504380
504381
504382
504383
504389
504392
504405
504425
504431
504442
504457
504472
504474
504475
504587
504588
504592
504593
504594
504595
504597
504598
504614
504628
504629
504643
504689
504708
504709
504710
504711
504723
504733
504739
504753
504757
504774
504782
504783
504784
504785
504787
504795
504796
504797
504814
504827
504855
504864
504872
504894
504895
504896
504897
504898
504899
504918
504935
504942
504948
504958
504995
504996
505039
505142
505145
505148
505149
505150
505195
505212
505214
505338
505339
505340
505342
505370
505378
505379
505385
505387
505392
505393
505396
505406
505407
505409
505477
505490
505515
505517
505519
505520
505531
505533
505540
505541
505542
505543
505544
505545
505547
505548
505549
505558
505559
505560
505561
505594
505596
505597
505598
505599
505600
505606
505609
505610
505612
505639
505659
505665
505666
505667
505673
505691
505693
505694
505695
505696
505697
505698
505700
505701
505702
505703
505709
505710
505712
505717
505719
505720
505721
505737
505738
505792
505793
505794
505801
505803
505804
505806
505807
505808
505809
505810
505814
505815
505816
505817
505818
505819
505820
505824
505831
505832
505839
505857
505859
505866
505867
505870
505875
505877
505878
505879
505880
505881
505882
505883
505887
505888
505893
505894
505897
505901
505903
505905
505907
505912
505913
505915
505918
505921
505922
505924
505925
505926
505927
505928
505929
505948
505949
505956
505985
505988
505991
505995
506009
506026
506032
506062
506210
506212
506225
506230
506240
506273
506277
506278
506312
506314
506388
506389
506390
506407
506491
506540
506541
506546
506583
506587
506589
506595
506609
506654
506655
506656
506657
506658
506659
506700
506701
506702
506737
506755
506757
506766
506768
506769
506776
506790
506834
506835
506836
506846
506853
506864
506867
506872
506877
506878
506891
506909
506915
507014
507016
507017
507029
507040
507041
507042
507045
507046
507055
507095
507122
507123
507124
507126
507146
507148
507154
507155
507156
507157
507158
507159
507161
507166
507191
507192
507214
507218
507220
507230
507231
507232
507235
507238
507239
507247
507250
507251
507263
507267
507269
507288
507289
507298
507306
507311
507316
507320
507323
508274
508320
509793
509802
510061
510070
510073
510342
510463
510601
510602
510603
510782
510889
510890
510977
512351
512734
512813
512815
512845
512846
512857
513513
513731
513897
513969
513970
513971
514415
514416
514848
515166
515888
518824
518864
519231
520483
521923
523373
523532
523547
523550
523551
523553
523747
523993
524406
524432
525532
527266
527274
528816
528817
528950
529740
530351
573440
590000
590001
590007
590008
590016
590017
590018
590023
590061
590062
590070
590071
590074
590075
590076
590077
590078
590083
590100
590102
590103
590104
590105
590106
590108
590109
590111
590112
590113
590114
590116
590117
590118
590119
590122
590123
590135
590136
590139
590140
590141
590144
590145
590146
590147
590148
590149
590150
590151
590152
590153
590154
590155
590157
590160
590161
590162
590163
590164
590165
590166
590167
590168
590169
590170
590171
590180
590185
590187
590192
590195
590196
590197
590198
590203
590204
590205
590206
590208
590213
590214
590215
590217
590219
590221
590222
590224
590244
590245
590246
590247
590248
590252
590253
590254
590260
590276
590277
590278
590289
590290
590291
590298
590299
590302
590307
590308
590309
590311
590315
590316
590318
590319
590321
590324
590325
590328
590329
590331
590332
590337
590338
590339
590340
590341
590343
590344
590345
590346
590347
590349
590353
590354
590355
590356
590357
590359
590360
590361
590362
590363
590364
590365
590366
590367
590368
590369
590370
590372
590373
590379
590380
590381
590382
590384
590386
590388
590389
590391
590392
590393
590394
590396
590400
590413
590414
590425
590426
590431
590432
590433
590440
590442
590444
590445
590447
590448
590449
590451
590452
590453
590460
590461
590462
590463
590466
590469
590470
590471
590472
590473
590474
590475
590476
590477
590480
590481
590482
590483
590484
590485
590501
590502
590504
590505
590506
590507
590508
590510
590512
590518
590519
590520
590521
590523
590524
590525
590532
590536
590537
590540
590541
590542
590545
590547
590548
590549
590561
590563
590566
590567
590568
590574
590575
590576
590578
590579
590581
590584
590585
590588
590593
590594
590595
590596
590597
590599
590601
590604
590605
590606
590607
590608
590609
590612
590613
590614
590615
590617
590619
590621
590622
590633
590636
590637
590638
590639
590640
590641
590642
590643
590644
590645
590646
590647
590649
590650
590651
590652
590653
590655
590656
590657
590661
590663
590664
590665
590667
590668
590669
590670
590672
590680
590681
590687
590688
590689
590690
590693
590694
590695
590698
590699
590701
590702
590703
590704
590705
590708
590713
590718
590719
664280
502557A
6414/4
70A112976
70A510066
70A525398
A500511
A502330
A502480
A502520
A502670
A502672
A502677
A503125
A503129
A503132
A503134
A503135
A503600
A504194
A504594
A504595
A505212
A505907
A509793
A510061
A510342
A510602
A510782
A513513
A513969
A523747
A590007
A590008
A590018
A590077
A590078
A590100
A590111
A590198
A590212
A590261
A590311
A590321
A590344
A590349
A590366
A590380
A590385
A590431
A590432
A590433
A590438
A590440
A590465
A590467
A590471
A590472
A590473
A590474
A590475
A590477
A590512
A590536
A590537
A590538
A590540
A590541
A590542
A590566
A590581
A590608
A590615
A590636
A590637
A590640
A590641
A590643
A590645
A590647
A590649
A590651
A590653
A590668
B004080
B006280_20
B006414
B015155
B114777
B114888
B114999
B2C_POCKET
BSPL36001
BSPL36002
BSPL36003
BSPL36004
BSPL36005
BSPL36006
BSPL36007
BSPL36008
BSPL36009
BSPL36012
BSPL36101
BSPL36102
BSPL36103
BSPL36104
BSPL36105
BSPL36106
BSPL36107
BSPL36108
BSPL36109
BSPL36110
BSPL36201
BSPL36202
BSPL36203
BSPL36204
BSPL36205
BSPL36206
BSPL36207
BSPL36208
BSPL36209
BSPL36210
BSPL3S001
BSPL3S002
BSPL3S003
BSPLRETURN
BSPLZG001
BSPLZG002
BSPLZG003
BSPLZG004
C001
C002
C003
CONSIGNMENT
DISP
ENGINE_PALLET
GP14954
GP6417
GT10000
GT14954
JITI500001.B2CP
JITI500002.B2CP
JITI500003.B2CP
JITI500004.B2CP
JITI500005.B2CP
JITI500006.B2CP
JITI500007.B2CP
JITI500008.B2CP
JITI500009.B2CP
JITI500010.B2CP
JITI500011.B2CP
JITI500012.B2CP
JITI500013.B2CP
JITI500900.B2CP
JITI500901.B2CP
JITI500902.B2CP
JITI500903.B2CP
JITI600001.B2CP
JITI600002.B2CP
JITI600003.B2CP
JITI600004.B2CP
JITI600005.B2CP
JITI600006.B2CP
JITI600007.B2CP
JITI600008.B2CP
JITI600009.B2CP
JITI600010.B2CP
JITI600011.B2CP
JITI600012.B2CP
JITI600013.B2CP
JITI600014.B2CP
JITI600015.B2CP
JITI600016.B2CP
JITI600017.B2CP
JITI600018.B2CP
JITI600019.B2CP
JITI600020.B2CP
JITI600021.B2CP
JITI600023.B2CP
JITI600024.B2CP
JITI600025.B2CP
JITI600026.B2CP
JITI600027.B2CP
JITI600028.B2CP
JITI600029.B2CP
JITI600030.B2CP
JITI600031.B2CP
JITI600032.B2CP
JITI600033.B2CP
JITI600034.B2CP
JITI600036.B2CP
JITI600037.B2CP
JITI600038.B2CP
JITI600039.B2CP
JITI600040.B2CP
JITI600041.B2CP
JITI600042.B2CP
JITI600043.B2CP
JITI600044.B2CP
JITI600046.B2CP
JITI600047.B2CP
JITI600048.B2CP
JITI600051.B2CP
JITI600052.B2CP
JITI600053.B2CP
JITI600054.B2CP
JITI600055.B2CP
JITI600056.B2CP
JITI600057.B2CP
JITI600058.B2CP
JITI600059.B2CP
JITI600060.B2CP
JITI600061.B2CP
JITI600062.B2CP
JITI600063.B2CP
JITI600064.B2CP
JITI600065.B2CP
JITI600067.B2CP
JITI600068.B2CP
JITI600069.B2CP
JITI600070.B2CP
JITI600071.B2CP
JITI600072.B2CP
JITI600073.B2CP
JITI600074.B2CP
JITI600075.B2CP
JITI600076.B2CP
JITI600077.B2CP
JITI600078.B2CP
JITI600079.B2CP
JITI600080.B2CP
JITI600082.B2CP
JITI600083.B2CP
JITI600084.B2CP
JITI600085.B2CP
JITI600086.B2CP
JITI600087.B2CP
JITI600088.B2CP
JITI600089.B2CP
JITI600090.B2CP
JITI600092.B2CP
JITI600093.B2CP
JITI600094.B2CP
JITI600095.B2CP
JITI600098.B2CP
JITI600099.B2CP
JITI600100.B2CP
JITI600101.B2CP
JITI600102.B2CP
JITI600103.B2CP
JITI600104.B2CP
JITI600105.B2CP
JITI600107.B2CP
JITI610001_B2C
JITI610002_B2C
JITI610004_B2C
JITI610005_B2C
JITI610006_B2C
JITI610007_B2C
JITI610008_B2C
JITI610009_B2C
JITI610010_B2C
JITI610011_B2C
JITI610013_B2C
JITI610014_B2C
JITI610015_B2C
JITI610016_B2C
JITI610020_B2C
JITI610021_B2C
JITI610022_B2C
JITI610023_B2C
JITI610024_B2C
JITI610025_B2C
JITI610027_B2C
JITI610028_B2C
JITI610029_B2C
JITI610030_B2C
JITI610031_B2C
JITI610032_B2C
JITI610033_B2C
JITI610034_B2C
JITI610035_B2C
JITI610036_B2C
JITI610037_B2C
JITI610038_B2C
JITI610042_B2C
JITI610043_B2C
JITI610044_B2C
JITI610045_B2C
JITI610046_B2C
JITI610047_B2C
JITI610050_B2C
JITI610051_B2C
JITI610101_B2C
JITI610102_B2C
JITI610103_B2C
JITI610104_B2C
JITI610105_B2C
JITI610106_B2C
JITI610107_B2C
JITI610108_B2C
JITI610109_B2C
JITI610110_B2C
JITI610111_B2C
JITI610200_B2C
JITI610201_B2C
JITI610202_B2C
JITI610203_B2C
JITI610301_B2C
JITI610305_B2C
JITI700001.B2CP
JITI700002.B2CP
JITI700003.B2CP
JITI700004.B2CP
JITI700005.B2CP
JITI700006.B2CP
JITI700007.B2CP
JITI700008.B2CP
JITI700009.B2CP
JITI700010.B2CP
JITI700011.B2CP
JITI700012.B2CP
JITI700013.B2CP
JITI700015.B2CP
JITI700017.B2CP
JITI700018.B2CP
JITI700019.B2CP
JITI710001_B2C
JITI710002_B2C
JITI710003_B2C
JITI710004_B2C
JITI710005_B2C
JITI900001.B2CP
JITI900002.B2CP
JITI900003.B2CP
JITI900004.B2CP
JITI900005.B2CP
JITI900006.B2CP
JITI900007.B2CP
MODULE_PACKAGING
MODULE_STILLAGE
MULTPN
NODEC1
NODEC2
NODEC3
NODEC4
NODEC5
NODEC6
NODEC7
NODEC8
NORTN1
NORTN2
NORTN3
NORTN4
NORTN5
NORTN6
NORTN7
NORTN8
PO5071
PO5072
PO8157
PO8162
PSPACK
PSTMP1
PSTMP2
PSTMP3
PSTMP4
PSTMP5
PSTMP6
PSTMP7
PSTMP8
SB06
SURTN1
SURTN2
SURTN3
SURTN4
SURTN5
SURTN6
SURTN7
SURTN8
UNKNOWN
VW0012
VW114888
VW114999
VW1208
VW1210
WW1004
BSPL36010
DO_NOT_DECANT
SPECIAL_INSTRUCT
SPP_PALLET
